3218074584
312166043
2359804337
611986012
2705842562
1827392023
2601634151
1898387210
3511889377
1009818530
5341311736
5427390662
1898471472
211618047
3891787645
2011798621
1900199792
1752915592
2153683880
2553581560
1904778751
1676704223
2000373865
1898383422
2878572572
1165478194
1898383742
1984098351
3654808112
1973197953
1997697193
3687167197
1830175015
3125164955
2726876641
2718952441
2540476605
1736783804
1106191545
1650041853
1444801825
2596892832
1814762277
2773381762
5271333139
5219634249
5039081333
5034790793
3977506390
3971863901
3939529821
3931508808
3911269835
3928304689
3905950374
3900484017
3823630742
3744663657
3698363621
3538909014
3341487680
3165184145
3112343644
3093071985
3061958757
3041819370
2876490070
2855959423
2759832695
2756470161
2740436405
2720508541
2680956051
2626006051
2606782903
2602400827
2514655417
2437652377
2414696327
2343853307
2336799514
2313864505
2275413362
2253382530
2247720125
2191800520
2187614981
2158152930
2119287014
2072873731
1942700742
1935399145
1933335332
1761591060
1740130105
1719929020
1697812882
1679031031
1665174920
1665162892
1653654197
1642046481
1603024312
1558650583
1462818775
1423450805
1404672315
1350714455
1292419722
1222814211
1152761415
1137904055
1133427465
1132185494
1668298225
1039325272
5206936802
2073725025
1291382135
1484297582
1440070174
1914570994
5280342213
2926359001
5428667217
1682214900
5152469950
1276081491
3308064673
5206936802
1704165722
3313400661
5280392196
5103581246
5282321719
1350974934
1669951295
5428667217
5126491776
5259469362
2796850970
1962503247
1920251301
2077006143
5282321719
2884510707
2542858677
1523039935
2562578087
5217901447
2782898933
1114426803
1624106334
2296940715
2520383385
1638912541
3720428435
1415874581
2027764571
1450389637
1942614081
3101596747
2759936887
2118923223
1648216270
3499634672
5444663763
2521523741
2816346614
2365969127
1442676317
1930788362
1439604070
3149304081
2549440961
2680206195
2066981517
3549226794
2419357997
3796297104
1345234127
5026194938
3639470495
2508807173
2196825921
1043990542
5102588708
5306688147
1912395581
1455500290
1569562027
2576983553
2674837930
2562578087
2238359495
3268780461
5242025619
5327252481
2407741307
1693466161
3644500941
1100046614
2103824457
5089544203
2681791353
3982129593
3895282179
3639470495
1038984411
1761015845
3954515824
2143888804
2917310267
3261441540
2372604903
5275091696
5278218012
2793848197
2232478850
2996454925
1114426803
1285311955
2784743810
2817789571
3830149332
1801080823
2205519420
5391714513
3597268132
5145757019
5468042472
5250312301
2318912437
3995742138
3549226794
2869306894
2381817975
1692737304
5442499311
2650139713
5186453431
2784743810
1627060534
1292291545
1267330015
3088925402
1995857887
5128044696
2140489314
2635396452
5309044138
2480147203
5052421651
1487073875
2049275627
3966850533
1840584017
1202875437
1275515571
1870379655
2975596260
5247511670
2190804312
2633588251
5271489054
1927470843
2970588003
1692224690
1710875071
2528142214
2796930850
1960927383
2754605362
2768474947
2689438571
3964046506
1195266092
1333419640
1269176111
1642046481
1689275022
1836253511
2830895214
1217433741
1238510920
3803775085
1677306783
3007660663
5432993817
5297222697
1410640647
1442804532
1660207864
2202576907
5037727026
3299915650
1428044277
2397310880
2704071650
2619183550
3503316942
5455732359
1953572007
2649084747
1767577835
1832825241
1403491925
2012533895
5235789321
2709615473
2191648181
5466596446
2818712112
2308503797
5364595560
5124514545
1131364907
2721834601
1873742852
1498799934
1751688233
2676643757
1254429890
5023587953
2111027711
2954371484
3912346781
1591680740
1908198995
5078042479
1223934624
5468016132
3973868779
2297876780
2550414353
2241355030
5452118509
1364383085
2385386957
5451198214
1421178043
2313588903
1446270674
1118256341
1630360660
2132305203
3912302567
1933223571
1874515857
1711160991
5338387879
5063527038
2806442970
2893441863
1342855453
2163742407
2114814612
1343297367
1990329975
1407610405
1862675533
3857044834
5200475560
2175490552
1857326734
3812410205
1953913991
3876115638
1202586970
1221916627
5178474042
2029684545
1049409793
1583433904
1864524221
3437272470
3288259375
2178712171
2165126245
1042816623
5338328852
2160207185
3929833790
3781224072
2594074085
1673381033
1617143413
1905673675
1679224214
1593640392
3696488624
5335931161
1429418232
1891563445
1115076730
3231723342
3219800792
1133451940
2129871197
2330040045
1769552225
1212429112
2597207583
1740479667
2430567703
2781986047
2087552364
1251343504
2698710503
3986538994
1890862545
1744126212
1273597250
3937653731
3178490202
1860110300
1028323874
1220053071
1697919453
1391457713
2514280315
2941833105
2922676933
2231258627
1439589664
2323123300
3219937973
1615652325
3592707275
1199621053
2122862050
2328580404
1406817241
2426776853
1105989411
1445599750
2210022654
1818878844
1867483174
5358235626
2048333397
1985238167
2862180420
3939653718
3890085554
3957138974
1789566773
3816953383
1644351237
1634472117
5314940955
3606871283
1508371605
1852576875
5321437712
1739637837
2604349571
1413412445
1834643247
2134384910
2809293025
1239786564
2705331505
1919246407
1238974180
2073678035
1267831823
1701186295
3078915545
1403615550
1814434532
5297036603
2890501463
2129290111
1419652161
1051838607
5322214380
2042610532
1418403533
1958456923
2607017284
3829705261
1168815242
1751501125
1681963563
5014855962
2019730624
1967036820
1297959984
2993048860
1650535570
1259215934
1461532225
5217917189
1117827154
2488084631
2767850744
1616047867
1220633147
1450984917
1651750314
2053094647
5046519394
2094133932
2278069507
5306535995
1768404330
1301578533
1910929133
1018184242
3236340162
3094339627
2551068401
5143200709
3171329183
2266257414
2359765111
1802646395
1667807673
3041177113
3517576393
1743752582
1613829102
1691129064
1784188803
1426909602
1803975550
2096060780
1902394091
3036566910
5473350032
1799615670
1980310023
1616430541
1922463483
3643245787
2102662870
1842092195
3912071967
2271892592
2335173551
2937021607
2657490594
1152312443
5166204084
5327720806
1252058613
1728437743
2711668752
1794698671
1679102410
1051980980
3595652102
1384843935
2441150194
2940361870
2043708061
2157687203
5030870644
3990296023
1082734021
1585310531
1969096283
2615345631
2180895954
5332816692
1710037423
1695950424
5445236662
5051106563
1283753633
1143870944
1837783615
1908897502
1946511997
2307802501
1318307677
5310355958
1768414062
1301858237
1734240301
2778700907
1929157893
1946475695
1928012173
1500260942
5486282532
1219208410
1825167363
5387335990
3817249960
1495073605
5314358263
2115889450
3966891968
2505239312
2887004894
3250478653
2851760531
3965948097
2501617950
3124954070
2527601085
3514002861
1841719623
3965373911
3817093169
3216348764
2612612305
5192425555
1975105454
2832031507
3149213593
2714496523
5038547118
2163710871
5160464815
1931542243
3585527102
5171266303
2906536037
1871011063
3505139807
3911633582
5214730727
2590573313
5052517301
3994073417
3744001793
2814783505
2186305747
2794012775
2355782237
3701383711
3858115939
3657390845
2640022672
3060125357
3932280442
3659250652
2423145113
2460176764
3630762001
3045028270
2757729260
3966856760
3519557942
2946760202
3970945843
3535775023
5083226169
2995672292
2877216910
2618718423
1964177052
2809311794
5048326348
5321147341
2887245457
2920028683
3020616931
2168027215
2882789724
3263322834
2890432751
3115704791
3847117806
5034898623
2653612822
2911763194
3494849381
1583003294
2840889351
2788339783
2796831412
1039028593
1583973897
3991707163
1922631573
2698165413
3750192144
5021686713
5178192681
3878536264
3894782921
3220757870
3761972803
2804078992
1728034041
3802018646
3089478745
2921273575
2919241087
3874528239
1525696685
3284637667
3219841722
3164229483
3165949564
3516166784
2893527893
3980892582
2742494910
5058382717
5090249693
5058283452
2598271894
3651307114
3044038330
1953847693
3116373960
3899839180
3115050181
5271182939
1776798115
2811094787
2803451814
1811196524
1668740443
3818888769
2882123857
2262974142
3148385821
2004421607
2387985644
3924827912
1069937445
3970903175
2893091717
5107280938
5071131646
2925850931
2414296334
3914973233
2910652840
5281468950
5033635968
2919617950
2141791132
3845663858
2893395401
3965329316
3553258712
3972052682
2931973534
2901012997
5205946594
3753053321
3513251332
5072266648
3084465763
1740708821
3966470963
3535332432
2763093343
3863139730
3943991527
2919923712
2264042884
3566911681
1809010452
2840556410
3844078945
2884819370
3551137954
3221822915
2802743513
2680264291
5320442921
5043559880
1676416547
3963502834
1115947734
3264450372
2006923293
3967397119
3875209065
1772555802
3971771746
2930083797
2873190155
5031454141
1985719481
5124093082
3185632130
2156938071
1583418330
3075256743
2174697584
3976287535
3043955150
3966481520
3380426634
3323869332
2602100261
1715850337
3294914344
5040421530
5054132526
2130168951
3178172464
3975972264
1771637143
5056265584
2261278954
2036107962
3813039095
3812001119
5034852568
3717884782
3044798744
3176698840
3971937181
2741394713
2990344867
2689678544
3873531281
3544113997
3120754751
3883038435
3910856230
3966973911
2322817473
1720765701
3703514172
3239780103
1726785422
2920624932
3966845374
2345612117
3192765202
3681142162
3121648173
2727786845
5102556430
2528281925
3125180431
2648799051
1951843362
2460793733
2959831127
3164218803
3594092660
5233336499
3075697461
2767490373
1805052660
5330777224
3915889368
5017622703
2796856633
3966349532
5129692604
3060603047
3815842841
3944603987
2747931657
3193692674
1768282402
1769464437
3542052641
1646669687
3426621014
3513163837
2920317414
1729638734
3625622130
3966902251
2701457791
2116957052
2805339604
3128221565
2896951231
2175226252
2190071014
3044110924
2626986770
2213643227
2269901882
3970134155
1364073474
3700816992
3125747935
3481901771
3968262977
1887823855
5024181656
3044944894
5213863852
2458332361
2264792441
2676592020
2932039584
2795859703
5245968803
3969066693
2805012470
2699568922
3977456643
5029764351
3626283585
1762669352
3044044520
3994403923
2610281623
3681773604
2268095945
3968926039
5096304381
1545903772
5270135759
3749150203
2162794215
1951544135
5102240063
3086784883
1893839695
2449542384
2810019430
2654196751
2009263865
2670274455
3508105473
2369975252
3119374195
3931638652
2931968510
5323944617
2860099375
3060279185
2526625240
3798573510
5123256107
3970047391
3995426393
2480456213
2852132144
3864602120
2701139201
2374724951
2885151915
5252348867
2157751131
2150894801
2931996984
3966462831
2889431141
2830182261
3059908813
2879043315
5273112474
2339560151
3966336186
3140903377
2517602237
3627068500
1913885755
2496048865
3230490114
2799570487
5026414391
2491085473
3967035364
2885586147
2178091981
3116323757
3974776811
3149978197
3994218842
2845984655
2844912793
2634270327
3222295194
3162568501
2884876257
3152927347
1989430612
3894640752
3151978847
2900590183
3966462678
3194997573
1912225433
2834950501
3171991474
1996413822
3966701345
2928726611
2900180497
2204662683
2844925575
2889900362
3058818595
3967634601
2210322560
2931935932
1988159761
3262199550
3154267985
3144528493
1274773097
2980204145
3177771982
5251284987
2901834895
2564915173
1898790341
2061853762
3844162490
3225516267
2670973941
2473100453
2524948957
5091939507
2847641351
2796819001
2902339785
1805188297
2913845721
2151609560
2212346800
2425068772
2139636337
1821094371
3220609132
5323888299
2884938581
2844832057
3965355579
2535351233
2701207923
5215830268
3968363712
2894410517
3972169730
3088423847
2982521207
2931932552
3112881443
3096429207
2834711683
5320741852
5290452370
1978731161
3512470380
3986942253
2633247445
3121903600
2964778922
1823139773
2910080750
2830670865
2793396172
2024730452
3967677480
2900121375
2894591531
3066045123
2836608287
2373237207
2109505523
2508156334
3971439027
2927936183
3717820100
2611273027
2844870545
1871471251
2780868531
3072610931
5324342111
3990243850
2795173305
2918908775
5303596237
3138017265
3966992288
3485768531
3967023154
2839039053
5323939918
2890054892
5324342181
3237515941
2930491185
3978058659
3845286709
3082177041
3086738597
3211224040
2013544447
2616521197
2877885907
2803934641
3965416976
2892123755
2591960410
3934446304
2884753625
5288569876
3193307642
2894707605
3247578644
2805005294
3992753608
2454020761
2414039870
2133987160
2595570584
2357893645
1272756684
2860271272
2433566283
3152285517
2730408027
2892761535
3082474555
2919670184
3072714133
2690713653
2883479025
1897782387
2823208280
2692343227
3545301917
2928645765
2199897792
3929909108
2288538077
2410754077
1837696433
3886976456
3966574825
1588083927
3313938151
3642493497
2640286903
5240468694
1690145287
1171499322
3862743734
3968884983
5145129565
5323563703
2673873934
3144385643
3258187020
1647135095
3281551841
2881519795
2927926477
3514863344
1226324950
3993449559
3967012025
2903022021
2043146141
2864365134
5323893741
1940778890
3967557714
2873930553
5271729616
3985865757
2256215475
2886006933
2242363981
2111530740
3220257403
2844639177
2928690125
2920366350
5190095015
2373131490
5112715893
3969394157
2857749682
2095774721
3061740087
3498152821
2881148053
5051403815
3984760572
1990411857
2840633913
2130644964
3152453263
2980759277
2927926933
3821216143
2891941210
5146795762
2884683347
2717322793
2579200753
1855822095
2834586641
3126357663
1978597357
3992183615
2034910242
2844709087
3995108999
5052711142
5124796761
3989640899
3992984156
2885779911
2083901293
3143893065
3606601161
2882092607
3994091308
1985649374
2729549567
3966657287
2539734911
3975484949
3382774472
1829778451
3130397911
3229913134
2885869842
3829212199
3136921981
1841815131
3966464665
3264639792
3965359361
5121901577
3962011002
2179684661
3216194343
3967132447
1982835317
3833538491
5162198469
3056496563
2280719492
2927914983
2078083177
3171026133
3993769662
2212827855
3254601804
2178401527
2882452661
3146607163
3970925216
1835895195
2142487691
3520384987
2026581463
3965315759
1934738110
1640255395
3077167457
2816791541
2557651424
2570587402
2844875273
3055642953
5024437199
2878056035
3889711988
2834455733
2817503850
2803727584
3525939295
2885429485
1884939872
3970984071
1693477952
3110374291
2747185805
2450616291
3970785716
2699609905
5102107333
5145056026
2001836343
2133765934
2516720417
5303243617
2327082291
1797599871
3806825213
3062619597
3992793986
3119591237
3172643644
2941431271
3996513472
3969360922
2899761583
3598981120
3982327232
3596668122
3986637414
2414736502
2763894043
2880730091
1849250873
3199109937
3118270607
2689729160
1996115007
3110217115
1759464333
2672361975
1996453654
3924877884
3196509382
3868034790
3966928159
2465679704
2701411705
2279285681
2170070320
3115912361
2880757553
5079975972
2884931993
3286243695
5031834179
2875529477
2834783105
3556362794
1765268261
2850848617
3985800941
1081303780
1800606105
2900656185
5131084028
2994952580
3113038603
2995669147
3966379369
3153150491
2874417901
3198884702
1830586085
3191970371
1738420631
2051718562
2507721492
3492666114
3487126904
3982811872
3067386687
2886004373
1976784141
5066182508
5075472514
3197800790
1775159697
1817710490
2384904181
5225602209
3045146124
5133944326
1662458475
3630969434
1897679813
5169686917
1733370897
2871816923
5306513228
2134346452
3971292062
2844808057
2371619450
5093885962
5018066151
3834809174
3577720740
2658263393
1895430013
2612415091
5086244396
3930676687
2055974055
2882788337
2883113843
1553972512
5022933082
2116065872
3244174884
2070598612
3597386301
3994530501
2911732270
2911783634
3966983754
2873392417
2036398345
3386961550
2387916855
2948279647
3745502807
3183914581
5175655612
1944370094
3563430915
5082491163
3956803082
2920455480
2557412155
2610074633
3976124822
3989449774
3971949869
3864623089
2752892115
3490853343
2838645533
3994544171
3970913402
3965499174
2742329650
3619272390
5061882475
2878044023
3859484549
3284459511
1661469045
5240249946
3965401079
3256536712
3976168409
5251531900
2839974167
1004312971
1582547597
1972387784
2816064823
3674721843
2807164357
3102872111
3292437993
5194048357
3140825327
2407698845
5133752727
2879297727
3858538284
2713806250
2244556074
3916333871
2963984694
3069574945
3826899477
2920314690
2920398652
3655808340
3383800880
1939652982
2123226793
2840579013
3174596695
1750807581
3830414667
2795895847
3043861880
2804872852
2702265793
3471489314
3646267243
3959324520
5361271240
3212572483
3967364150
1775312684
3987575572
1799888940
2388303423
3207170844
2320534941
1969943374
3045294574
3152546403
2890864317
2381413834
3085359603
3904946411
3964166330
1067128737
5044368901
3889591080
2514422615
2497640762
2737591975
5062860186
5128122102
3060550954
3082635531
3912246395
2749100981
2450369150
3966782872
2491989531
2593124021
1575562180
2944874031
3931641273
3968121821
2844398657
5098692563
5149140478
2895039531
1583724642
1970761517
5045814400
2835956263
3991468865
1902498325
1822648573
3947925620
2384614187
2522914885
2451704125
3188864862
5216604322
2889587657
2855703160
1937337671
1070639211
2928667031
3819378964
5264269652
5278224862
3028642995
5217488340
2851448363
1397201410
1952650814
1726495863
2919755604
2670023734
3513490817
2927961867
1391740582
3914698153
1793867167
3198885250
5318270129
2902118037
3511356612
2593711865
2920158774
5064051801
3103195881
5129189778
2525284943
2901884271
3193971772
1909458605
3079449551
5294276027
3197580852
2983320953
5129907416
2683043495
2898215313
2844660941
2113629722
2890169773
3156842203
3139594263
3122478601
2136322711
5139019292
3853313566
1854395825
3966010836
2770210253
2881315515
2847144991
2502876397
2844867505
5320509296
5029994222
2964741090
3547831277
3971783214
1204986120
2896996617
5122952769
2189854742
3979709325
2151005697
3982981556
2891591517
2928701031
3223682711
5324335724
3965972767
3968428194
2899625311
3113042675
3076361061
5256911678
2918612203
2882798515
3256802934
2884362953
2844799805
3071769815
2884468437
3222370242
3054937817
2820729661
3239684674
3822426790
2978209145
3968297434
2293344131
3850831869
2091603977
1731473802
2501527965
1565243637
2419211913
2281213651
1172249684
2709373414
2980019977
3070325103
2463955661
2941406873
3966879818
3967483281
5098644061
5127891126
3971349897
5323512137
1779276343
2689454631
3156078131
3199167574
3085295431
3962298665
3139413017
2378776905
2895080697
3500851520
3192356434
3974981681
1836274497
3161435797
2747197375
5020280402
2793475567
2608441645
2797214002
3675787300
3855434638
5263324004
2878874931
1816152684
3151538521
2931956792
2638256362
3081616645
3113319185
3993260376
3615575950
1774725627
2671326042
2902031255
2964646814
2175109035
3079359447
3965465514
3775623154
3152424111
1189150182
2173490762
2281603942
2741351801
1960717155
2792254907
2269828303
1541020850
1808044857
2835287621
2296709234
3145397261
3500667153
2812607405
2728062864
2920262925
3968215853
3085033111
1877409437
1988029944
2033517760
1985983812
2974648471
5323813273
2085475624
2900305685
2891295917
2183094067
5296289809
3079491253
2921047631
5302610673
2841373661
3802675152
3081467791
2938171731
2784421250
1294151661
2006865842
3498257912
2701001951
2677396467
3334740400
2109442501
2851829970
2885520241
5293925577
1989136704
2792317573
3932098213
1971328784
5114479881
2928675165
1659104232
2741146141
2892767335
5145059503
5103587320
5348270616
2825678953
2722812743
1771635905
3989316359
3065915301
1714446447
1808809010
2688391481
2480451082
2724203375
1921085022
2702981660
2677302581
3135535882
3991374822
2713424142
3041988013
1676961664
2927910327
5319328970
2032402082
3164147063
2701238500
3118358217
1988838917
2716683201
2882734787
2880354931
5046129610
2959900532
5044787885
3982089909
1630478191
3981988917
2623159005
2479852033
3966554089
3108739033
1234729822
1994952790
2358671363
3045318834
1883789245
2954995763
3689623037
1911054407
1838279507
2452372857
3196511870
5323947499
3907454857
2971501951
5209105249
3976984458
2350526904
1282735275
1988435070
5070433857
2837149865
1976190562
3881355665
3968985904
3194172693
3290664112
2927901627
2892139255
2304664233
3270665875
3735273541
3974565275
3966001319
3194476384
3994709465
3072373185
2996924811
3983083529
3966592694
2746794325
1837786567
3151098697
3988104193
3850386646
3150254131
2900866063
3798573990
3287478591
1918361443
2881561935
2891449794
1825437012
5163142364
3968080534
2890434887
2500490547
2126224717
3967467371
2098954212
3972387083
2023816721
2021582400
2901502695
2897004313
2826754265
3968863125
1916290081
1796891357
3230433870
3563944982
5145052973
3966309969
2838761413
1819885414
5166911850
2810750920
5087472103
5079802822
3188132624
2255280595
3819198634
2931988410
2919742192
3544324231
5164865005
3108313633
2206773742
3347722480
5303241436
5095249646
3971669151
2893039917
3970952022
3976693999
2892194157
5224130644
2920418110
2112078881
2563165935
3947698143
5292423618
2946891792
5177288267
2180428803
3967149264
3988343648
3480087932
5117578649
2381032577
2248976481
3504220410
2844672211
3258046690
5261846505
5021288496
2863518751
3140512047
5109634691
3450315604
3146095165
3973261247
2851868983
5226509023
2283627264
5262373940
3045078540
3995790711
2844232167
3966901622
3990882461
3488942730
2170486004
3992838872
2843852611
3120502551
3197687114
2892924453
2126956121
2591412145
3966462124
2117704513
3976081413
2110371524
5054565921
3859461197
2929007901
3045235120
1723159365
2892616361
3720827811
3529389553
3044045482
2164292483
5146059877
3210955621
2885025545
2740479563
3967406670
3973751301
3271994777
3137754987
2684396077
3273569314
3045325810
3165221245
3816227309
2522734367
2844616567
2871512511
1988525030
1863557331
2841431671
2529667925
1892286725
2833865327
3087572772
3508697477
3971291135
5145272858
1838528865
2515516867
2270843723
3197130431
2653955162
3968258234
3490309361
2671821424
3253435774
2883624957
3161431101
3816215213
3135983441
5125046250
1838600705
3109514617
3983859341
3043750522
3967382157
3983612312
2653035260
2887868102
3645157332
3993121340
2883587375
5321280739
2883880351
2919695830
2900465391
3965942230
2889853693
3497977414
3919531737
2850826203
3980836222
5038587834
2142330763
3044686414
2456513847
3315264650
3790529717
5053134677
1970080255
2586704487
1816690411
3967661030
1971981602
5086801491
3971793438
5178100908
2964836182
2872967723
5243863653
2526600147
2920149094
1847165325
3225216652
2247273231
5208226854
3854629107
5139650717
1955401150
3829039627
2883931035
3881690932
3975029548
3975153974
1927778355
3979688757
2692219674
2848282792
2139073417
2885075821
3934099051
1403187595
5064003435
1783515004
3083959617
2896868597
3976119731
3043788604
2919341534
3968264854
2954644265
5145279880
2382170383
2919344850
2637176801
3968235152
2886103723
3152929637
3982145039
3504370351
1992069537
3789187243
3986015963
2561883997
1680905185
1657725153
2880941705
5022818566
3736499902
2687655835
1956611021
3148367661
3968256968
3077882217
3264952311
3971801443
2936628663
3846514779
2931954600
3994440617
3170557224
3988602051
3227138604
2886085663
3980764875
1108740133
2739503701
3936837530
3970992273
2660459460
5054823098
3082056343
2370891197
3721357687
2732452084
3044628122
5320799563
1930763562
3843172669
3075505873
3806901725
5323924270
2931978032
3985931269
3319224240
2567065737
3215176384
1607746344
5077190120
3162535591
3969355428
3962213532
1761093200
5134239868
3973998755
3149826240
2049997593
3967307604
3072636463
3196011322
2931947724
1900684422
3057464173
3065826533
2413001172
3114346245
3155010241
2972600185
2911330740
2133263162
1079711532
1698392721
3982947379
2988498185
5135090148
2882638405
2886206711
3123260460
2892150151
3145341463
3129136181
2878297423
3044583292
2742507843
3993435977
1832122723
2398357027
5124306248
3802677710
3076379335
2168538613
2892520247
2523713383
3812877030
3263937970
3968271483
2880586963
1705291621
5324334107
3969289522
2803646122
3296162735
3829312146
1274663673
2883873465
1766272907
5276290185
3721534510
2927913113
5324391578
2670213801
3966437120
3298766831
3743843551
3968300601
2838894373
1838523297
2937367584
5278837901
2811891284
2451685621
1870871555
2836956651
5156695579
5205867221
2004757965
3117468853
3311490471
1727853124
3971929053
2668829881
3094287222
3108815103
2981863161
3109810871
2931959752
2741393340
2194086613
2843296345
2347579081
3236976392
2980057931
3985875926
5130608558
3966866021
2536558042
2881589535
1298819734
2851232137
2412928761
1969210762
3959387904
3748324381
1947632245
5116621746
2842306175
3500512357
3072067601
2240484245
3967042815
2000225221
2920470272
3705876325
2931960122
5217086574
3318423037
3700745062
3528025507
2678243390
2214731523
3055349735
3024523565
3199125325
3599953374
2043156322
3967109235
3297564487
3220456727
2892493425
3472835342
2797056701
3966456478
3130281053
3105349217
3945979234
3987591044
3056367487
3062616823
2926737693
5217401991
1930924432
3051532477
3851753229
3971962591
3044056884
5070847650
3858270453
2297898784
2805244190
2087013972
2912401035
2845095895
5200972675
2833040612
1686751432
2920640152
3484857647
3994145746
3067016763
2848423835
2928671401
2688783035
5272047193
3148527891
3936779289
3971361664
5064468110
5059206385
1818252274
3995952938
2143111245
2660876670
3264111655
3153057543
5203057071
3889854977
3542752205
3044941654
2833008947
1978634723
2681964272
3161234867
2669730812
2872297171
3055150345
2385264147
2841240265
2540118874
3994107141
3133129555
3635973671
2943552235
1960927141
2235902132
2265767053
5068049350
5350903299
3162919421
2631980927
2473596604
2716757445
3994772592
3975059630
3072640643
3982372741
2467362917
1928636191
5324294897
1874464912
3879850784
3968515121
3246824345
5226796063
3888249816
3967608910
3967628630
3937122451
1809127457
1341713132
3045089162
3967416509
2095378914
3939238957
3988474390
1250607453
2885102787
3044137570
2844960851
3965487810
1984081723
3859143574
2679781494
1841441272
2876831903
2833578474
3055022837
2882599527
1953910597
2878091545
5268825081
3104593143
5035298790
3273979695
3484792050
1149519413
3146097543
5100189252
3070671835
2679755093
2981610021
2890818183
1241765357
2890572841
2036364644
2891958087
3484783121
2945940524
1975414472
3113744957
3205038894
3476816024
3058955423
1803619973
3934601358
2622186613
3981117639
3043631624
2641893680
2927908587
2912118394
2116801534
3967082197
2165375301
3970575801
3272380400
2568001201
2150336084
2740919081
3175893010
1896674750
2790707311
3568865042
3968450555
3049284403
1616982325
3608442105
2586607097
3302924375
1816282053
2896542297
3043976780
2920420450
3221372245
5020211712
2931984742
3966533552
3021237067
2920163324
5217495515
3075432171
1934282297
3044797182
1960909333
2891669733
3044808932
3981026958
2892465967
5284141602
2701157921
3060274995
2885010375
2130520794
2295916050
2246764505
5165098827
2832621837
3265407320
2537791874
3135524932
2884636883
5076738175
3993802504
5313740600
3640187083
3058002723
3316985760
2927194915
3009582783
3974302087
2394317853
3141196505
3993452263
3087640221
3162753751
2838774205
3267940851
5065270613
2882779027
3056993631
3817038885
3129715131
5142768015
3044912370
2369786864
2919989394
1840893931
3968344785
2546292491
2883260101
3224285102
5032474301
2762407673
3198353845
1986069444
3225256810
1179049971
3964219018
1846201565
2866716673
2043624801
5269338639
1968704871
3510622950
2810025242
3181154197
1776135155
5289603277
2919487232
2192649924
1763809614
2971089870
3284086421
2122960884
3064195525
2249452424
5223623215
2489537565
3835488607
3050653843
3980633309
1659635714
5323945713
1985113082
2297473252
2697314290
2954263433
5323814962
2575629144
2928421617
3148597131
2891087557
2911355450
3157852911
2886422837
3966350979
2855844160
2838095261
1729086903
3259170512
2885838687
5041832882
3974380962
3807169338
2438293594
3170199654
3169350641
5264263611
2795472454
2834550017
3149779911
3068627535
2136901800
2919517234
2594914711
2871327991
3807536480
1760554054
2879698355
3241072662
2318611495
3871121379
3203827610
2132406233
3237681431
5088651594
3969660834
3044322842
2588959081
2804328500
3696743054
3065884811
2215513197
3967598659
2714318715
3707622187
2896456422
2774874053
5023593609
2501387300
3825727598
2070559200
3993802068
2835657635
2757142175
3151220745
3959276172
3126583753
2328733101
3821187969
3060839874
2140640781
2890721547
2916862983
2843174127
3060022121
1761261803
2892501263
2613367271
5219992761
3250787030
3045038542
3960356936
2614143030
2268531177
2891196137
3931497594
5186945315
5213979123
3439074162
2637332450
1832086412
2868575925
2567550697
2868932592
3154150437
2834478043
3045358212
2235029501
2844594791
5132074188
3890384674
3252150795
2384740763
2133009762
2883193985
3158834793
3995503456
3085305115
2895366995
3280630732
5063173260
5190265057
3116752011
2852977225
2269021800
2891355861
2795350874
3972206862
3967035764
2894854295
1797391631
2878456962
3221505770
2790956717
3841948507
5013511477
3144883271
3585978097
3967088894
3054942795
1417396942
1970911517
3966660731
3861055541
3018848943
3989729574
1751294394
3924936760
2406058663
2832380603
3232243391
2532597200
1699130564
3071266173
2920373084
2870270793
2392445015
1820565644
2292517060
2029354677
3043524072
3044151300
1807318411
3105094911
2802974782
5318518145
2803912790
2498434283
5273804845
5203703950
3515419111
2618230963
2009276067
2838662820
2851590622
3714090357
3165613610
3119080561
2618702481
2405207362
2741418675
2830460445
3787951294
5053942607
3836607885
3143126095
2885205593
2931973882
2796129724
3966442858
3714652320
3135510343
3704962600
3064169013
3963436721
3966990339
5020808320
5148975712
2976997572
2816590582
2901796331
3936531139
2012294937
5088879817
2386711782
3076628553
5086452564
3993704906
1723976982
3626642625
2664134963
2900352331
3592070895
3548051361
2933242961
2834914405
1914644340
3043550612
3227305701
5333478378
2726947387
3965992397
3064123141
1950584904
3175653123
3145409691
2880235811
2436880784
3605396043
2920046330
5253948399
3135780147
3121571623
5185601729
2102846647
3488228011
2534580542
1801784732
2605224577
3074117595
3742331214
2574360711
3966889698
3965365182
1803827410
5013069491
2088467742
3968273868
1775302733
5140228081
1803881657
3536431275
1651364067
2983194101
2633452677
2919957292
2755060191
2616523033
3269983774
2734981143
3237007877
5200426320
1988839970
2945661330
3513614172
3026892791
3126844353
2053365054
5084681398
3836868510
3114057195
2658873760
1731088934
2685645057
1825127543
1914253601
3664444125
2931957054
1967175675
1318960135
2201390571
3900423609
5105831029
3143838105
2889898854
5032510359
5100491723
3966411227
2927884173
3151614907
3970789911
3115840897
3816215339
3969348383
3309734197
2623591292
2707129271
2835529865
2705952962
2580453191
3966834807
2827721107
3991780609
2112009792
3122776845
2601236057
3162141197
2244277032
5243835913
2152242647
3823547294
3968441053
2798249322
5156544384
3075210667
2580795035
2834636897
3965327705
3259469670
2930224391
1797224567
2487820084
2900822331
3117684611
2892200907
3312213271
2059441633
3082622925
2912996515
2127372790
3992966034
5334706567
3994677831
3073859245
3965515120
3965921693
5217006551
2833408233
3982290242
3071196837
2964243283
2872998413
2743815170
2557195373
1916145175
5190522540
3816215113
2778958631
2607061945
2389610113
2884051081
3585087481
1578206822
2881274397
2294701855
2834905405
3507859740
2105135864
2835675363
1819546345
1829822050
3968330978
2844548481
2497071554
2876453941
2793453063
2893057481
3089784701
2453188281
1667516452
2849927527
2152731833
3058602721
3492533904
2858693672
3983607262
3967669024
3075564515
2885231571
3970938067
2880305251
2796043213
3068817591
3158663125
2889264421
2928707271
2882583397
3116896311
3801976086
3302725501
2886070135
5303659092
2276381793
2577635811
3165527220
2885732123
2882687217
3933319081
2149401825
2832891241
2701482317
2931998032
1870300010
3975304264
2268771597
3149309191
2787640525
2844357213
3987716758
2835044085
2033491784
3153640761
3982432165
3994258417
2943702041
3970851990
3233599984
2844654241
2598325445
3313937113
3673389954
5224127250
1358124590
2140763277
2895011241
2253610454
2917598753
2395548685
3058606593
3966953466
2931965172
3993976158
3802677192
3991060266
3974889109
3544132312
2688041495
3967319526
2889834533
3110586840
2657073871
2635449322
2884636455
2190728757
3977810385
3241550274
3971779254
3984950776
2883567995
2895140951
3085394473
2835532725
2949196637
2901912311
2879360997
2900655621
5253478029
2837318691
2578174595
3968906697
2813412313
3968509630
2931931930
2836785571
5195273770
2870878011
3485709725
3994761886
3975083864
3968466508
3966001872
2750562343
1404214224
5317114992
3340559410
2526449731
3215629070
3964197976
3207446332
3838978138
3910454915
2854122897
3973967783
3142879247
3972011416
2891753410
5139465959
1985765972
3151528403
2928672641
1758945670
3499005371
3060904385
3123263464
2281660734
3994071015
2707722363
2890048974
2844608535
5224857716
1311839865
2837114583
2890937565
3994203304
1970796753
3061547533
3977241822
3975475317
3144631855
2298582861
5073035918
3206908404
1268001450
3700347120
3971805994
1434759505
3282022860
2520497750
1613639105
2253281957
5323556885
2558106523
2844820823
2121568960
3902224753
2886708847
3071705727
3071417913
2761455222
5313744488
2122419084
2556572915
1580563625
3970891423
5306228762
3065837097
2784833231
3038347432
2243762867
2179915074
5217998606
2139094667
5299083166
2609505013
2077926433
2964678430
5161375512
2340954957
5210801616
2901877871
2893882757
3108158145
3977819030
2723202312
3146158363
3650867090
3112295245
1273857284
3117568123
2889427491
3974841221
3968912218
2892572473
5211553498
2739502317
2665158433
5141558763
2812929711
2844565905
5101419220
2132965504
3848026307
1761063053
3147844343
1721432711
3137144345
5224769035
3965308333
5049953472
2846238362
3073856487
2708715291
3977085765
1791613663
2657729205
2626197751
2881155475
3110343164
5320978743
2892114971
3118078337
2650310334
2900645521
1572827153
3968513196
2074382337
2497618251
2668722183
2139403281
5311048358
1582759100
2476881127
1838476203
5256114393
3993931051
1877055077
3492062387
3966867093
3198819602
2874596377
3966876461
2835504371
2871668291
3267533074
5148920239
3674722275
2480634191
3991343884
3968990081
1996635503
2927949193
3711133300
2940521061
2170110391
3232502213
2734510994
3481102631
1968598933
3155310237
2844898603
2920179132
3980328380
2829266433
3969884888
3147803483
5195102049
5043171373
1408699465
2973701831
5323827458
2820955744
3971058650
5249614610
3970153933
3255812054
2741241367
2596709074
3208850823
2500622871
2964841374
1769164085
3192176330
3163357057
2814735931
2891069890
2301448351
3957226891
5236664091
2202806830
2680832325
3905144143
2400345941
1703998261
3088550195
5137304196
3981949630
5163518598
2886779442
1781230307
3279705830
2836373781
3264063270
5152572513
1803442667
2979733291
2410226105
2437264132
2902749224
2612469967
3061770941
2881776223
3009513745
3977997812
2004420742
2128730685
2912083894
1633281364
3316983717
3994622264
3164214793
2151534820
2729826534
2844800733
2891802732
5081900665
2432746145
3079532165
3966274075
2796932901
2842186555
1708814462
3297394411
3673401312
3971025253
3043960753
3082821367
2896465093
1150314372
5336203538
3968274855
3628360367
3817145778
2692762180
2919741083
5151777975
2844797385
5269007242
3161264501
5232417737
2787604792
2491723682
1622802074
1993002784
3151563623
3229192940
5053367609
2695124883
2785618404
5223235720
2900216261
3968533975
3969848586
3702854791
2834522983
2954044893
2877490167
2503952270
1834505731
3581935903
2101570085
5311313752
2833809713
3079849357
3152324330
3005156192
3615435757
2804761152
5170034646
2425231335
3577478323
3229675102
3965453143
2793371410
3501352935
2741209187
3782776033
2045706945
2931968474
5224770844
3387355882
2829272365
2900584495
3651212230
3065821521
3969149750
3163412424
3966772003
2020262830
5333679984
3310755745
3210843834
2992121661
2116114294
1978109651
1818068312
3227595860
1830621431
2862231310
1779288591
3085413463
1931556004
3311387515
2894795643
3123365453
2239230045
2024524162
3968189502
3283807214
5073689621
2887674283
3965987291
1839280347
1817706880
2402301190
3965441091
3112025457
1810884653
3845640036
3219880911
2844906973
5141661920
2387566417
3988237669
5108776679
2240204453
3837063378
3994109555
3901062968
2887010692
2114605102
2245726927
2032839144
3991113284
2833752627
2529717547
2638273960
3981502228
2803215085
3968175899
2893352445
2272565071
3607972843
2720658297
3987449272
1911932904
3862818201
3774674117
3140589031
2855917264
2900287553
2365538700
5225010301
2825404703
5271790650
3159135465
2702658897
2701447303
2873909761
2886658537
2844755911
3886613260
2823152583
2247100641
2723788677
3162134603
3967112006
1933976690
2964836752
3846666803
5173941667
3965441464
3085027477
3123483121
5064469166
3024013501
3829470900
3798136201
1778320727
3856806254
2337486303
3853466942
3102943287
5202210842
2701199125
2883787185
5183789699
1661892563
3990699680
5269488279
3974014778
3994607038
2884007357
2307229375
3177091432
2624988220
3084467941
3966748740
1970496631
2931941832
3831487714
2927909267
2870884795
2247400331
2884921165
3986241755
2805678450
3587668833
3264945505
5061747750
2996294551
3110022341
3074191633
2644098563
3971292771
2240080124
2927948797
2799580457
1926890525
3833055054
2483681431
3043572813
3984103501
2844852183
3137068645
3938249556
3199473860
3967062686
3228086794
1340129915
3146118113
1769064690
2256262995
3232049853
3083492674
2920087182
3718867095
3988006200
3752229231
3151300273
2309449561
3054935447
3982842827
3967422895
2795752094
2462527090
2102013564
2799210663
2893871221
2712284205
2833489313
1504034993
2920112310
3976226352
3063984933
2701629361
3816215236
3102936323
2901105855
2098077724
3055036387
3982495492
3971717438
2046918722
1581949835
2873933957
3802261279
2868778370
2147387251
3994014880
2593563610
2265119674
5058566255
3082100891
3968331304
2889569907
2964736154
5028360120
2212623524
2127007585
1655022420
2435907115
2894357757
5140371965
2636272157
3816215267
3949798590
2716752615
2467258565
3165791843
3161748775
5177283082
5201023449
3161766915
2701280683
3609365634
1807346797
3152613827
3639773314
3274331613
5306328419
5324603905
2701394007
2814576672
3769392595
2896325955
3468888302
5377182531
5153427551
3071324111
3970774355
2837041341
2711756735
3077915283
2928655365
2551944043
2835677321
2804205352
2919682792
3811028133
3837082350
3180985313
3793223985
1720312222
2125913100
2527262373
1761909314
3120883583
2518438205
2890427955
2716545241
5042656400
2843523735
1636245842
3971780275
3974093198
2650135011
5323557197
3967601653
2883608673
2658095323
3967518662
2971438557
3063618063
5086510505
1134056174
3966544598
2887916825
2811508644
1920699160
3486999874
3949688792
5204751512
3394189310
2882175195
2931954662
3057840213
2833663711
3085380785
2885428201
3828189189
2883936787
1158458933
3588272994
2838843143
2885783745
3130702491
3145475963
2103447507
2716964407
2144348294
2931959862
2033534294
2529851595
2845077047
2803812704
3977199160
2843745081
5188058280
3987765916
5118465041
2896536063
3828788528
3068786455
5331030361
2885836691
2800733613
3595603341
5247205236
2120151544
1781600905
3966605526
3975091708
3515118064
2789744183
2260455835
2835049095
2875873084
2880831217
1701457622
3859294480
3843194921
3986279130
3932048221
1584901241
3089612131
2928696791
3495599093
2364388973
2247265490
2646841630
3195557314
3967499342
2878002945
2134045000
3117271165
2589849701
2133874492
2919439460
2406828572
2919425612
3079852963
2181209393
2811347504
3893920183
2883694685
1616716854
3181032120
3990362138
3910395816
3993579501
3217856854
3066018897
3130305204
1156314125
1951648711
3197510420
3142680214
3153384261
2840767823
3966993228
3200937367
2927933677
3971795269
3071156953
2889934164
3133437665
1934807903
3036432642
5021338142
2426598322
3259355972
3141414131
3496229347
2883880415
2971681903
3687260830
3831641040
2774046207
2848005165
3966454286
3832959234
3153354227
3597492263
3200517557
3967342130
2880925841
2919485732
3866510706
3995336877
3068656615
3068348811
2835941417
1908579383
2893998497
3709691874
3159361333
3124069465
1818129202
2300565762
3175811564
3496699744
1937318372
3153402185
3977745908
1215282851
3945661372
3968122983
1899581403
3072708981
3926919269
2649091474
3550526295
3993024878
1833017195
3860678428
3842907360
3139036111
3966832300
5224358898
3969271688
3893957365
3177634635
3965940094
2938231217
1798741043
2701768647
2886348631
2894514601
2924364797
3784272567
3967530705
3209098320
2616700857
1937170320
3087646605
2235457591
2844548361
3043709704
2166849814
5128345306
3147796765
2842728171
3824502329
2919508962
3318734460
2706124782
2930715157
1777215404
3231041953
2883382902
3675837155
3043573220
1810878292
3045656182
1957442573
2268190967
2478500797
2871853101
1810888437
2881781375
5171570568
5101515140
3750647612
2000709765
3060907915
3881115539
2883891957
3971022627
2974644040
1772353002
1762987042
3109475535
1707033661
3791456744
2839862165
2804231740
2903693147
3152939515
3225662663
2880575575
2676476893
3504040860
2443474843
3984261363
2707674091
5145275250
2931961470
1902825053
2964824650
1529685072
3922805147
3986635947
3109572291
3772179792
2920162582
1773919065
5180279395
2892093875
1700704592
2201244017
5084519238
1946026911
1831206920
5227857845
1729011785
2808641522
1698175077
2964682372
2893586873
2038033704
5274842826
3939184143
1865536255
3801388085
1974665945
2299865352
3082460971
2877239227
3296060865
2499236891
1817656220
2920557052
2927943617
1805543972
5013391370
2607652145
5048317496
3226581540
2265761891
1990108000
3891876103
2679374960
1618665411
5163131206
2722998981
3970892245
2556812357
2701312972
3103576063
1803190407
2525714103
2793201900
3243886553
2928212313
3971971373
2671329844
2920129912
2708914911
2940181103
5323819389
3968320326
1654398092
2967083570
3203518617
2893819981
3985195095
3043531470
3044702574
1582678517
2886944242
3075978905
2491498010
5152473716
2263369562
2884749525
3981897332
5185632490
2889698091
2944131223
1777886900
3968476068
3185788280
2268995082
2882188955
3969788259
1876959327
2264507071
3272504770
2162939317
1627370794
2581717825
3173928663
1045947147
3551282557
2809874970
3153995447
3043576720
5049462984
2300609563
3969387067
3939979816
3602949110
2844960041
3959621111
3158965895
3141415885
2837508365
5134432507
2844683967
3060686511
3971000712
2169874573
1790584041
5324393862
3051139337
2700750441
2014616047
5270326943
2875764313
2693193507
3513680307
2919768750
2915388397
1315623403
3155695507
3553896631
1749612641
2891019093
5201413016
2657946777
2741550583
3971787625
3988286506
2894326843
2886685285
2650695335
1836114100
3228001003
2655602912
2143799553
1962214821
5210054268
5071489313
3045285240
1758752795
2882364261
2637732910
2844584641
5232460430
5064510583
2452110257
2910749502
5323559973
5203165864
1837740903
3044257002
3150701505
2802358357
2624034013
3043608010
2961653883
3924799463
2240303847
1766510990
2551776261
3980873121
5241576694
3978024325
2199356240
2706762442
1641207801
1182742813
5179725263
2433821497
3221193381
1730562770
2787622717
2601596211
2823992631
3994369386
2164866504
3971536667
3252916841
3967610259
5249657421
3972153041
3984071843
3200850695
3249790221
3564520785
2919609144
2892850523
3971873838
2873672160
3043415520
3968443128
5208837979
3311525881
3589152294
2796398087
2440179032
2102981705
5068499728
2594181767
3519624612
2163082172
5017633079
2845701407
2245391151
3116422191
3867433886
2882348171
3973773028
2926722117
2919936714
3044619600
1942298805
2879852115
3067019111
3067525343
2878770477
1811510860
3785940072
2007093861
1817688850
1907228901
2656742420
5131930412
5103316257
1252381937
3313121327
2939196517
3971929643
2931938560
3491918480
2883790813
3968471062
3971364492
2791816671
3072065371
3381419700
2263541343
2889904051
5024194472
3966490440
2642400321
5247032770
5029187741
3259373925
3639972504
1825734951
2701192555
3043831340
3571724764
1884430953
2931926614
1662864323
2109767840
3162800401
2577638154
5144499176
2692399722
2919529664
2980232003
3959593511
2837442205
2887022582
3233667982
3966625575
3613320351
2840961377
3966555693
2636475627
3044626110
3595892754
3597379957
1062562954
3779832055
3149873961
2003938704
3984682222
5020158522
5101187466
1787148295
2892343571
5253196250
3083214413
1875258054
1870309565
1997324215
2126511557
3955073452
1977515654
2631622827
3211902621
3640469072
2883051105
5044050969
3224663912
3046094935
3775520661
3043733770
2887078512
1990254035
2769502157
3609144842
2964871472
1827923495
2663826597
2316224783
3992855345
3376816144
3503384063
3060270431
2948737637
2658768177
2810169244
5063477323
3062379947
3910398666
2844869393
2919376724
1967658951
2882454933
2241564057
1642871100
1588379810
3994759471
2787606801
2193318751
2639457223
3001306721
2477509287
2615115960
2895798055
2342048557
3065834125
3968127593
3028430871
2709171907
2885746271
3984088904
2452423971
2931960280
1984602667
5223621109
3985089700
1274364463
2931970420
5091672389
1989827584
3246217115
3568169160
3158029233
2918781817
3955018533
3967676609
5065307506
2476392714
3128041592
2919637902
2926481693
3631261180
3966608572
3218495024
2151706772
2288290832
2844645093
5266389200
2968075333
3991188221
5089846927
3147062251
3966783859
2147185962
2164723111
5226799262
2310648220
3767849593
3994361726
3127442893
2649261455
3625478910
3084065873
3967613793
3970379633
2628165015
3847738091
2834603391
2919633412
3619064915
1445311564
1799682303
1797264344
2727300430
1848575331
2910627314
2833101003
1894528112
2803879554
3579201010
2647054334
2679254401
2839099445
3596796081
5318267566
3122806725
3873995579
2274763001
5133950343
2886381801
3083329923
3043574130
3085908337
3804944651
2841011762
5228669324
2475069827
5013296665
3314364577
5013599087
2693163691
2368540733
3068133577
5273371729
2800169711
1583877631
3931749858
2491420813
2594060392
2628581187
3946579343
3968293567
2927885917
2914608537
2883188747
3863703575
1885845350
3041601982
2827959520
3045139710
3904583971
3311016770
1964583627
3845751899
1631297865
3994474946
3887010925
3830210285
2046696854
3983759250
1039448241
3625005797
3222542642
3075194487
3922588196
3983372360
3905650190
3084437391
3121893082
3668797304
2879616723
2339474937
2604235960
1922365865
2809537462
2885885977
2602094457
3863994589
5067716098
2894746207
2881369375
3979962441
3293117377
1928688443
3817493212
2086757864
5102094179
5017668439
3163831792
5038517705
2880608187
3024240295
3962145639
2964793410
3048290561
3083105517
2898492285
2649328944
3044320760
2928659015
2704846880
2844528055
3113107895
3969744888
3858811410
3806570849
3302660855
3972668293
2011299361
3656536952
3477883064
2889678991
3993830334
2585925662
5036793564
2526718392
1232201742
5316961332
5067721947
3181654913
5220659267
1650365185
3087974567
3164229665
5043535600
5176154453
1627325797
5206520431
5016875689
3896363085
1906571011
3044689210
3140546141
3830289184
2152409535
3965364521
2927978783
5225155976
2897233297
3912284790
5249450899
2949593900
3973029367
3228915332
2841483265
1950843403
1674294444
2844708601
2894148095
2375383567
1731690557
1858344305
3657531145
5238843372
2979541517
3987764125
2919833824
3964977610
3993826717
3984738583
1978503207
3972329650
3977634981
2883843951
2798247791
5269625843
1033136070
1708252830
2957463771
3605190765
1013368277
3126939965
2698535805
2039083842
2841652643
3405851802
1825575080
2961702050
2689661372
3845900330
3969039626
1646529062
2684508317
3308690127
2116057360
3707097692
3995711109
3269503160
3903448567
3798116920
1582918054
2691346684
1997332202
2931949204
3316144075
1762753651
5090657851
3994674964
2894411895
2678408801
3911423071
2881438257
2436424912
2837727097
3982289192
2065284441
2057959310
2836154705
2832499465
2892526557
3181253285
5209457891
2482508337
3044800442
1678165277
2714796520
3480166102
1884670055
2191939671
2513050902
1526154367
3150540060
2883731977
3085390847
1932785892
2884930550
2890241247
5111269874
3162066325
3114945800
1683299413
2920563764
3044883662
3829673528
1827474492
2856683760
2132701082
2970898310
2854435800
3965943762
3722221867
1773690702
1979621784
5013098110
2964689412
3233145157
2302190544
1628380174
3045016720
2388557607
3994282418
3115201761
3186639712
2187064125
3992498792
2896939477
3231283791
3264240923
3091664325
3554818591
2920135672
5172726149
2638391415
2291716491
2882384347
1930486881
3966265238
3913909296
3986145580
2126364004
3814497493
3043535910
3579034705
2997471394
1629426245
3917602628
2048787863
2622903793
3977781088
3543757732
2910341792
3993693906
5190344101
1980480037
1964272327
3168343124
1649058431
5097645180
2885656725
2280815021
2280526983
2920291444
2208165542
3764752915
3473097544
3968280134
2890244817
3627590030
1821284955
2844645265
1132551162
3991447951
3980540881
3963342205
3043462784
2844610821
2199537277
2964769632
3849160722
2983751413
2804566860
3199524662
3986427757
2846711357
3220681885
2932143021
5226698777
2804225232
2808080047
2880125827
1751256750
1967543342
5240140190
3084098237
2773137703
1860234940
3741184303
3978296017
2905783973
3991817007
2135529383
2577926200
1852575912
3086133640
2749897163
2284191274
3308253323
5188841585
5132561051
3081467325
2882347565
2910323804
5079656137
2897499762
3618017371
2340551415
3407426492
1909689933
3251066352
3976402260
2273637570
3147630455
2694075363
3174642771
1780374631
1929155071
3967444571
3870347618
3411417074
2920501322
3817157829
3080142151
3831209116
3976631354
3888628289
2374692845
3860770427
3981562226
3481879040
3299253792
2809706754
2868005664
2218540204
3109079595
5047614061
2833946157
3972736174
3127549061
2805278522
2929528583
3731018647
2136089467
3599609033
5017781617
5032177599
1922277053
3982979556
1916358972
3986928637
5047017736
3182394290
3213761860
1584043241
5061120200
2062260707
1960952947
2616321851
3994816371
3971684483
3234445924
3237317284
2330451881
2713593744
1985570853
2044187944
2086540002
3967148293
3044036982
2556948763
5043682387
1991489470
1845714632
3968491557
3590695590
2646656705
3182150094
3967670235
2891822887
1779151071
5102334469
2475842865
2070592800
5099161768
2170608703
3656043487
5090909000
2884841385
2878947275
2928701281
3856696141
1662895081
3838450347
1927859155
5129040932
1607124567
3198720870
2879479501
2380360375
2576495637
2879047525
1890790875
2399453155
3992935309
3994183819
2768221197
5040412230
2810698804
3991531659
1853090677
3966738363
5155745400
5108800857
3122032335
5074139746
2692332831
2884105793
2808596102
3860564523
3930665336
3496267707
3648911795
5103273903
2943399283
3901667609
3045189032
2893676611
1992017795
5127422686
2720031075
5025602836
2728434967
2190953384
2872893725
1669164855
1841373411
2412171313
3665914671
1906406215
3972054780
1941825361
3974389201
2885893955
3060916353
2961001664
3831494114
5128871961
3045028142
3212930947
2509144990
2389323702
3194789254
3969162652
2129653732
2691071962
2341826810
3102117195
2919527540
5026284440
3842150190
3561453131
5092790681
2725410323
3262968735
2844596475
2716647291
3970993686
2598684457
2372520981
2208430713
5220166796
2601989733
3717421950
3281431237
1804434690
3415019254
2838941845
2621958563
2598337180
2863889322
1830624203
3045139564
1834810465
5053666271
2794560935
2116329801
2919398970
3737544900
2253727120
3893485348
2183369150
3939556210
2219939137
3996802143
3968242377
2919314110
5100589851
5090724950
3197863582
3967029120
3534348564
3965921603
3934741550
3968122182
2919689120
2538873321
3456597160
5075851188
2367146307
5022524299
2279195861
5016176738
2652535583
3473531524
2855016313
2218419671
3858458056
3069462383
5279243774
5016003632
2095300471
1910495467
3858716992
2721102895
3564100692
3690727623
3226512277
2890804203
3971910823
2837170555
3277076141
3200488561
2610694487
5237661124
2553556897
3977062002
2460163262
3266234085
2248197593
3976441785
1878030200
3295304901
5131294893
3515312410
2534080947
2352793924
3091768671
3083965027
3964394676
3119943317
3844652362
3044900101
3083034745
3289124813
3055739303
2902717402
2931875532
3966752047
3199582880
2920187614
1807308717
2201880045
5215414043
3543412644
3167452170
1826506080
2095433874
2880796055
2893565413
3773788324
2920160014
3140393397
3306759262
2803727022
2442191782
2080453751
5071286911
3145858064
2347951925
2291933815
2803789512
1939094885
2681391413
2842954201
5112496174
2805340762
3762830033
2014343047
3054960481
2529535120
2275780135
5252102304
2430558103
3993670228
1033523774
2920361980
2920155862
3975170396
3996298246
1763669655
3158081227
5183529673
3093989823
3151485512
5063741114
3087965383
5056251665
3478816550
3887282369
3548443321
3108272173
3082355237
3980958076
3055285835
3178691361
3045427664
2919501774
2892747290
2736467822
2925072133
1990361347
1577586643
5122850331
5293204028
2868121132
3965002443
5186137151
2794017997
2761926281
2143193351
3966834958
3320598481
3090269505
2165665633
1807104893
3113577282
3701385803
1702701533
2976211735
2254224380
2878029885
3996685361
2805374162
3981995382
5144402496
2115837142
2557150131
5103693354
2871421225
3193976331
1852249897
1782121380
2668162693
3869195229
3071175873
2189191127
3496694303
5120839901
2887525663
3061226595
3044528354
1807154784
5139671244
3031712131
2299704372
3826374490
3565311153
3961065043
2603116077
3205664973
3195420454
2676840523
3213668344
3058834183
1855168503
1995679984
3195199120
3145855701
3153434263
3815118656
5158046303
5266127382
2591824694
2741624043
3911516397
3094515867
2870783371
3139189557
2892340577
2901351411
3801812788
2240360633
2844549985
3055311525
3971071729
3993999887
3133837333
3968901453
3980400610
3986510090
2883171467
5022996253
2964785214
3067371275
5323944216
3107067733
2884829607
1369398307
3069258021
3967449094
3057569813
5313979080
2816488233
3016064797
3984678811
3978603743
3138787357
3149087927
3965509913
2886945825
3971780280
3471434644
3965915826
3071565451
5314902651
2980768247
3082543891
2178394580
2604270657
5097138552
3312213251
3209505810
3967447184
1225605910
3980965693
3323305594
2379084637
2898083913
3074005853
5303020456
3085378707
3126587847
3264425250
3127308837
5070065934
5096547604
3968872095
2890282397
2372487411
3709065501
1841236853
2701768943
5050338637
3157180927
3971991339
5323952684
2701260653
3249491677
3941291488
2701297561
3498888021
2741189115
3935706588
3967101334
1584553604
3116174757
2738043463
2015495097
2400431051
2997373243
2741259915
3072126083
3966356620
1916235032
2844767691
3966983791
2033553870
3068400171
2747847215
3968883270
2244670515
2127119635
3971020574
2885843821
2650935924
2441654055
3931649132
3969377266
2839422727
2876372285
3985171681
2070515572
2701326107
2842419247
5088697167
2879120573
3974572919
2828170031
2670613495
3494575057
3978603341
2142746710
3993975681
3966549501
2844719235
2367907003
3976309755
2911058842
3986081624
3068822515
2746566444
3025804747
3990884412
3994484801
3273401980
1831167872
2190809770
2167210727
1838379917
3992511798
3195320474
5231770628
3272032730
2798163693
2400485362
2931964120
5324340111
3993976072
3855465038
3066586943
3080652667
3971975696
5272606844
2881182607
2267681972
3965372922
2884482637
1965242777
2896396643
3118147055
2884140875
3965926298
5306341743
3972203360
5145274034
1975810532
3066109973
3981679378
3991236697
3994247608
2900685467
3986754061
3993607361
3980587699
3152854575
3232839984
3266024654
3982933690
3965926503
5247945164
5071913737
3980594479
3966326492
2879072993
3983603818
5013551659
3970981597
1752553600
2883561593
3769073547
5159479222
2834275181
3117818195
1300864932
5318152634
3310000315
3972146695
3968233495
2609298700
2890038374
3986636506
3229084250
2661206414
3976289010
5175180415
3971788910
1983471802
2902476984
3499001053
1810875821
5236523558
2894172167
2898065775
2171302242
3160606307
2837259311
3966812347
2843267153
3196944274
2926336053
1979234892
3966832180
2911761350
2607596501
2193891154
2918069063
5066130959
3974510768
3142874373
3970429513
5252485905
3968130468
3144364771
2834118053
2823378782
2116822734
3790517487
3994835240
2242309171
2714428397
3967045988
3625555567
3965921163
3081395207
5294289067
2850713421
3991238065
1797823261
3139726533
2879606171
2482086595
2775091685
2871512155
2791832703
1750938713
2508141594
2927939313
3976135834
5226760824
3971807313
1899967505
1919206690
2893370953
3549402024
5156646121
2829561053
2884889453
3971423625
1948705895
3969392602
3829488311
5128346319
2721418161
1212019233
2889076857
2205149355
2850753731
2018749752
5258196073
3228187174
2758665227
3847730710
2129608810
2909715604
5253127023
2046619595
5324388414
3122141843
3993894619
5243869006
2151847994
2111415395
2890077322
2688369955
5188980901
5235559914
1982388091
3152180893
2899756901
3082091565
5123246612
2741372407
2844795761
3970918880
5172776874
3966794028
2877310775
2112442622
3035628272
2844764523
2833638495
3968160411
3221424604
1818875520
5282155520
3102835124
2633299795
2641899443
3156290661
3242158602
3994642129
2931968174
3108264043
2423675513
3967015326
5180020877
3074677503
5323799003
2840827353
2741628827
2927899043
2834161821
2042335162
5214768193
3025209884
3981496583
2891982485
3318311950
5225069224
2890060424
1809443650
2493069980
2377229883
3967369877
2374726281
2516089300
3970519913
3966566132
2887031737
5302610685
2835331957
1049123747
3148856751
3966878486
2102756884
3161070680
5125032030
2580633211
3971122423
3118458171
2374727925
3974571769
3976188626
3195332572
2798623665
2635477020
1823354860
3967499486
3054997385
3488812074
3764911224
2932009850
3977783485
2794831397
5323556959
2504230320
2885086795
2480458735
3258396910
3068819111
1685232672
2001697481
3967677741
3965389786
3993038789
5266861208
3987684418
1945290144
1815720250
2755751237
3489076094
3972159587
3976531039
1252736272
5217997435
2061920955
3054945375
2879788947
2605866844
3248500812
2844774613
5270160997
2847420081
5107278695
2521873473
3143680121
3967668359
5320514015
2844855091
2508875877
2942132185
3147080125
2797057587
5215864636
3983402209
3674723025
2887729290
1558366850
2050473974
2885754955
2893103463
2880659465
2833833243
2718687627
2598170520
2886633902
3939251447
1927619261
3117865331
3155246701
3577505807
2891611873
3867024050
2328724677
2879020285
5226800440
3231278495
2616269714
3104640353
2584836507
2187031941
3062654337
2827879493
3079570703
3995637765
3570159515
2826810655
1941112512
3112244277
3070496581
2609545347
2890898594
2184924382
2168226354
2931968754
2844645761
2235010850
2732026550
2457105655
3203048081
3987344186
2230748363
1741001751
3147690171
3250886247
3639440004
2689117365
2735941712
3129668337
1743214452
3621945377
1841205197
2719157224
1810919633
3993061178
3974139367
1277029211
2983829563
3227815850
3965336997
2892183421
2646134047
5225698498
3975181781
3169480061
3988676573
3828725315
3066043001
2465296977
3988805158
3110139932
3243478184
2933236907
3109886475
3973041365
2932005304
3971198412
2122118754
3064635655
2928644581
1807848810
2894715197
2927946517
1807334431
2732996041
2881841731
1421224012
3220058400
5242439225
1772949325
2928671131
3966499669
3966358725
5305475877
5042659295
3711683125
2689824602
2898472933
3142267541
1830675914
3829542333
3153651224
2107986540
5056506063
2786509320
3236498060
1646838972
3153408517
3983565445
2749318674
2909299357
2105392124
3129516771
2435260123
2891061390
3966616393
3976729869
3991627349
2426841575
2898274141
3142104333
2487882137
1788836885
3058907861
2879547071
3971978124
2596898427
3974550330
5231091985
1682829940
3044987900
3068232437
2883935865
3221117104
3976708290
2799058547
2632178907
2634819192
2882708215
3195692502
2375246722
2537108823
1741838905
2980081837
3065882665
2890010745
5323819171
2387844761
2539304341
2104103467
5125834629
3702123445
2636075805
2142274952
3803279464
3979618378
2882329283
3516251501
3993624185
2384132655
3068830761
3489073311
2931991742
3284046285
5324339199
2736313871
3972046408
2932007522
2927900893
3993779417
3492702170
1772702287
3970436268
5251628347
2836675161
3529841687
3085457307
3817197165
5306229014
2741383983
3162129973
2897476527
3973999057
2342332661
5188970836
3219007613
2709890347
2150059201
3021057697
2927940543
3105655385
2410072112
3124322915
1796666264
3578779942
3666662805
3983852775
3194971254
2045480532
5220646673
5311048597
3060130703
2977476603
3965936738
2840332727
2701271107
3209954442
3967675418
3055155097
3968283856
1805776394
2397059871
3064527571
2173794687
2889835640
5171671652
1794805661
3970838880
2823210654
5038533408
3118781545
2841558675
2303667645
2566875587
2718067725
5073091616
2615254105
2884102741
5262521203
5145057031
3968250819
5037864070
3061547313
2309978467
2899796883
5042659139
5335058506
2895995293
3193265605
2247024915
1817747494
3992793856
1335641882
3108917287
5023974027
3205498300
2978630091
3968416247
2900411845
2479766573
1817694090
3985169026
1833531197
2108202114
2880955963
3107407883
5351322345
2887155164
2566503591
3995385861
3928286842
2834133695
3977897405
3126600455
3977462945
3991646841
2794988513
2548413683
3072740027
3993245169
2910621892
3934381100
3119775304
2879006461
1772584837
2844556327
3966483588
2846831675
3114918405
1979315830
1839981681
5123687550
2604216111
3994686324
3994686326
2748264645
2891297065
3073100757
2132686454
2133000414
3718219001
2842733285
3973092175
5320508796
3964965101
2910547620
1659598494
3078321505
3848754242
3117870757
3145581795
2887902295
2881102993
2112049711
1980911001
2900160337
3966516277
3969411579
2368985351
2887781730
3261541111
2525835651
3974502839
5132520263
3068817191
2928680511
2842980287
2817566793
3120959061
3966449639
3711322625
3154003993
3526242001
2692693917
5214046906
3153859673
3221288094
3117934820
3901638760
3563230782
2189229357
3966026500
3158139377
2205715080
3673400743
5073468937
2886016297
3994702976
3976143629
2719180952
2635393113
2885299005
2878755357
3129855013
2637767730
5182066240
3971839546
1818081252
5314174647
2835648697
2788082325
2358595425
2886678851
3989217986
2716805067
3826210606
3981761327
3222204722
3985710205
2810249912
2403849800
3070022511
3685813822
3967106373
3969407839
2964817400
3075244873
2844538941
3911303196
3896707004
3156269277
3924064271
5183788195
3064360795
3109957933
3981965286
3476821622
2024567774
2380552431
1990938181
3974656586
2871486641
3967060554
3493578502
3787521383
1896519780
2884258191
3971982824
2717008937
3968427138
1896997205
2142809571
3912254283
2833798651
3532813894
2607125175
3629802995
2881974115
5320504416
5159343497
2556935005
2885668223
2504789803
3971978678
5029098668
5142589923
5224855609
1900653077
5037450511
3798313934
3113180437
2803092002
3984048710
5017401348
3211513901
5243869882
2890804033
2900450151
2962104755
2889903970
2844606725
3987301035
3967467928
5035173073
5015095398
3043920684
1838415273
2608813387
5045106755
2681614763
2569877397
2746495073
2699688332
2841970595
2785042932
3770326625
2805003452
2701075013
2604226411
2927947937
3136038013
3490354604
2719510371
2836826501
3968797165
1773655357
2130315934
3060960771
3223693382
5354587476
5046689514
1837297961
3837446980
3968195950
3518801721
3205324161
2554285854
2167953545
2115952572
3117593423
3145224825
3104520010
5037148574
1722881825
1878559632
1768579504
3517141830
2882179957
3993247095
2325070285
3100340950
2656670102
2622499045
2116911851
3183868935
3975682052
3993763984
2070944962
3972245853
2889058217
5098885199
2849749187
3971979586
2208083311
2403937515
2745642925
2823104777
3969323708
2875079267
2473256133
3055671091
3547397753
3911803976
3157560773
1975233762
2717977447
2140482917
1603131233
3966825441
2784488225
2844751025
2356710495
5294389088
3152432611
5324351584
3895379752
2439804560
5180997280
2885312391
2116356054
1875681325
3982202864
5213386759
1793805573
1810896471
2657480062
2797971845
2035961683
2701225261
3563963693
1719951183
2121247870
1945831385
3163863357
2882624761
3178037257
3608942140
1963922791
2194584180
2836689743
5088729443
3147745741
1640486811
1959844035
5336249199
5111375714
3966440142
3008907515
3971641383
3089832575
3130500785
5022278416
2983893123
2903804197
3043665532
2550887703
2797965583
2844782761
2930350665
3145630833
2919798890
3220663390
2931279444
2567710711
5123139935
2392276171
3970993918
2883117645
1841320805
3969047237
5220961147
2692702972
3836359127
2696780687
2704797365
3078872007
3548423893
5027310451
2373851777
3068360371
3969253647
2890826605
3994141364
2690135454
1076474797
1931026842
2884695073
3994755957
2659017507
5139640648
2911276340
3992968844
2698513465
2884237837
3265233434
3995116914
2876316023
3966590008
2837568655
2114516294
3631271454
1218219517
5287181665
2766363257
2884043265
3938538697
2806133657
3971934944
3062776775
3144059657
3708336303
2818302762
3911969177
2853380481
1900312540
2889909791
2592466221
3967507081
5199795661
2842370083
3108369877
3226547804
3495676252
2840823747
2918749823
2792517657
2171889931
2885260694
3043925940
2204858865
2844540215
2200115304
3966921867
2874471830
2842892177
2814661002
2931933220
3896741038
3748459495
1029461755
3809903886
3221477954
2710652654
3972399864
5299083156
2100899395
5152106976
3654215214
2460672602
3517145715
2894763237
2116130124
3972065232
2093623307
3062663221
2476302007
3992493729
2177937177
3966322815
5083716078
3971851386
2346529811
3595781460
2147113187
2141132727
2883420533
1931708090
5139839554
3080084355
3555843703
5199541400
3859548515
2316607895
3061089337
1986344571
3967626552
3058119692
3237729582
3225978681
2776828097
5145769783
3309131572
3970922418
2879881733
5094715134
2790441575
2873748457
2825489013
2890127350
3150405415
2689268964
3815107449
3028089671
2335731065
3074154601
3790717951
5087761641
2486056541
3601509945
2814006642
3981720554
1818040100
1807132740
3142154081
3973794437
3816440147
3807753910
2376170291
5058986753
1753097435
2879010265
3153950545
3066010245
2043110147
1014234500
3910631390
3972006660
3074184431
2613850123
2964776744
5229327561
3989648636
2587510842
1309057624
2722886790
3971008259
3142381861
2927927743
3489582101
1733606874
2460285405
3729626751
3991914986
1862120313
1976755075
3082772335
5306228808
2553362411
2840203257
3988986166
3970907867
3967575296
3041712923
2827782033
1878030403
2625256644
3994631778
1790141024
2871478010
2418828973
5256801091
3264786942
2892380573
2800142577
2894745051
2891802205
1870207262
5123147487
3044546634
3043879542
3579216505
3826170410
1829484774
3837090314
3973521487
2839670613
2685425702
2338100621
1972143212
2791198353
1083039003
2885361817
5095827443
2920597440
3976794531
3872967253
3975002459
2724858587
2968327723
2931931214
1836750001
2879325901
2479401715
2331690457
5243632705
5340963385
3966849934
2835186215
3044185564
2287464705
2883201563
3091366813
2831260043
5076576077
3223105563
2927633932
2948795403
2910902234
3345959124
2685997217
2118015844
3968500893
1676622162
3058790495
2572656183
3787421535
1778326063
3967271777
3989714959
3264716731
2519142904
3272023087
2897752473
5224507274
1771230547
3063506595
2505791841
3966599155
2208154254
3331809262
2882753761
2718476781
3980339014
3965430866
3967417305
3823449960
3981404444
3973115433
1239108335
5098689532
3061519937
3967355559
1646630497
1728437971
3985162515
1916580727
1742483131
2100599565
1796568995
3972293504
2833617757
2202101681
1862520201
1733568844
2895061273
3105491121
2621994355
5293487878
2591308771
1231825663
2844689351
3982998034
2780905667
5258553584
3741492845
2488308990
2658376907
3194437627
2881236387
3083497993
1868213192
3993544021
3205881072
2701573413
3922814302
2840337801
2911689150
3073852411
1794551572
3487860380
3679856955
2901257183
2887814124
1831912287
1712951623
3994469234
1838580947
3551390243
5080939862
1949380783
2849309675
3969339391
3244812057
2461667955
3154054822
2453262823
3119182524
3145969121
3533683140
2005683023
2693123973
5028963138
5041523513
5023732591
2871179641
3893214116
2833719457
2709588684
2885314921
2884757417
3989645368
2870958565
3976466296
3890196933
3994047316
3044909474
3283498140
2799503001
5214271480
1851171174
3837171447
2894591035
2633263181
5111127092
3784561455
3219725124
3983411184
3669780415
2885567971
3965847527
1806268767
3077463751
2294210672
3060406091
5084267974
2827510723
3991190932
3847529404
3113543775
5223464061
3969328075
2630324827
2881050431
2383920691
2863744007
1962159490
2664664562
1707265300
3229561920
3706861735
2701253951
1960481281
3968476718
3965916393
2621936483
2877321717
1922785742
3990849916
5285438207
3971148883
3160597904
3045356974
3217279060
3024147805
3975122276
3083013367
3989214598
1740582704
5200543281
3564392457
3965947870
3489441997
1963417497
3135595043
2927958193
3971869461
1761916143
1979509184
2250844981
2882933187
3975382703
5087768410
2887896735
3964963736
2920020934
3966718115
5320403906
2702189482
2859062111
3210075175
5033647112
3056564647
2680387220
2762062195
5233274957
3213710430
3921142907
2980156787
2589859171
3966918960
2844594545
1671285614
3136188254
2893633887
2984970442
1584101847
5202194857
3975714535
2834602601
2920276054
5106649523
3901505065
3966703233
2151857562
2669701810
3828971334
3980787044
3793985371
1808784262
3968500967
2884317465
1794428864
3195148733
2522684193
3809741283
2585238302
3966907340
3277505894
3250209822
3970992016
2350198761
3971159513
2969523525
5097658086
1797213831
3993954004
3801174143
3510796615
3160071540
2361463105
2610558223
1798644371
2633785623
2133016540
2747848821
2311683915
1675181090
3896611397
2906148987
1986469680
2723032373
3867018150
3965000204
2358919217
3068677235
3848908384
2832482557
3158032010
3969846099
2919434182
2844767027
5057513893
3925863363
3013662551
2770721683
5041210287
3073838225
2900983483
1735475281
2845218231
2739747533
2931977222
2901703401
3890084904
3511862865
1769882582
3152871023
2941607517
1271439641
3043789564
2798358603
5199013166
2452288473
5152197848
3969712368
2780882590
3317434813
3974463830
3972655826
3828161879
3905421741
3274421780
5276850476
3160613445
3896669635
2468356554
3859569337
2898634645
2880838551
3505277545
5056799660
1822675702
2701160315
2890859465
3331201272
1587985312
3144869815
2587457681
3061231061
2575495177
1719967790
2932018662
3993859664
5250697401
2884856445
1883499633
3967365990
5156630028
3582233294
3014055951
3969292349
5098826199
2142446140
3077284143
2259938864
2584630062
3775390967
3981526247
5019337317
1858508925
2429695325
2621004307
2899661355
1889969257
3239877934
3992199954
3139937037
2674403857
3966573598
2882485887
3908864330
2942546013
2803025054
3078477495
2239610795
3660207814
3044022114
3974898559
2652264347
2927881857
3968212925
2737621807
3967663136
3963788570
5091213652
1156715130
3206027842
3024138191
3123693991
3178375072
1950681335
2909174467
2928716545
2763551437
2800124727
2844616695
2012720695
2764489611
3670390755
3886868189
2882154741
1799352365
3103379427
2789934470
3982979671
2932001932
2109613577
2562751957
2260318432
3159695627
2489774601
3542267032
1838839743
2735161087
3062361775
3123940282
3131070305
2923906643
3966536799
3964999919
3976563945
1583944760
3723025803
3146100125
2565596272
3974478260
2897015357
5170424239
3699946910
1995092895
2986385073
3994978776
2880279005
2105761210
3972276426
3213525094
3833192104
2479624187
2347992382
1939455243
1786791190
3967683010
5055179992
3966857071
2842114795
1445291335
2840744105
2230718064
3993954299
5162022089
2885962637
2610493753
3180611253
1878776503
2451642561
3964886017
2919407622
3206796835
5087823219
2533678223
2803730962
5099759483
3970911980
3076392155
3966673032
2208647443
2901833251
3903571490
5124838460
2871278487
2891227197
3816215243
2910542070
2707064555
3994457646
3966560991
2607732301
3045447260
3971030763
2031544733
3965964510
2612880345
2656883543
1797959242
2803694510
2585414875
3106763047
3972170942
1839190164
3887053722
3511196932
3264345574
5071206912
3073996813
2255140074
2807341973
1802243851
3995103818
2740751562
3993954319
5304787876
2256430405
3970905061
3994709133
2146849275
5049258619
2709480691
2193495707
3031371437
2811213480
2886752830
2885518323
3972013085
1353312661
1749894825
2170308110
1918700330
2499198701
2805302542
3762347604
3065949851
3623699473
2896352117
3344920740
2139821590
3969012445
2489613463
3087730771
3904948546
3981242434
2792324774
2354864561
3971357725
2518097383
2518112972
3043681742
3984724860
2409838202
2806551222
3135207401
2779041641
3980823054
3219015074
3993665138
2825474467
3965467034
3970011801
3143582103
3117741163
3294262037
2138863341
2883309195
3707089960
1867501863
3103691043
3993208005
2952828645
1658973904
3085320757
3976353004
2880909573
3847659357
2901938015
2044160774
3993247126
2919884281
5214577793
2884858521
3623915151
3817145564
2701450543
2469263041
2598405362
3881712577
2883817633
5022568813
5057198735
2880882265
2115174761
2549933067
3833373845
3478913297
2283004627
2880649605
1957105595
5299405736
2304759335
3104627045
2388042101
3218187204
2784982372
2717857897
2831257807
3979731946
2690051103
3970307864
3982056531
2563561297
3529736330
3983776368
2769843375
1819557705
3071503017
1916024911
3931627667
3044311754
2797688631
2587157891
2491401937
3893550687
2900341223
2919746472
3970384220
3263982540
3968286468
5319195338
5204816378
3289348687
3989803471
3150763825
3518990914
2896720033
3157015894
3303203371
3187334175
2549594283
3995384617
2662558641
3056404657
1769106515
3966642806
3970576424
2730521173
5107090893
3299095053
2931929460
3974659458
3091708877
2816941272
2890307831
5351304772
3078037157
2774418443
2097149225
5188315329
1778842651
5085097444
2884583545
3975007303
1969486935
2933880391
2302650080
3062213483
2833560843
2901285497
2542513721
3063102063
3179653784
5144610789
3784274812
1767167113
3255096894
3548923562
5292546327
3975071805
3487717050
3167763735
3576972767
1342301381
3199313582
2695100654
2844645333
1912088387
3142826544
2860146272
2104321004
2367008583
3062621995
2942583612
2791838035
2741363905
3834693988
5222844562
3966001568
5221898610
5143754441
2650916152
1401570340
5226471341
5180876131
3457567474
3085415475
2012674241
3226871482
2675834262
3488242217
1306906364
3504211800
3967573654
1790732081
2931944860
3970911877
3974001421
3751170404
3966891817
5139411598
2306317667
2876987625
1795727071
3230490631
3228876203
2843982861
3122989094
1970750821
2909817704
2836428195
1864959403
5231367802
3967300074
3043845110
3679583645
3974493742
1807328401
2845244777
3295061665
3476899482
3606660164
2147851752
3232321317
2878662795
5020280241
1936957571
1797856721
3981763230
2794591494
2891083455
1665277530
2744874234
2881969071
3972098553
2057349340
2009767097
1689999312
2837390453
2607045181
1256600363
5093446504
3946121135
2441937281
2890088253
3303111375
5101225841
5253035762
3077340991
2436675667
5071780507
2636235402
2880979275
3230631815
2846004195
3995658397
2925845993
2235417570
2910503962
2743307781
3312213995
2722437667
5219055820
2738360485
2162287453
2827678077
2879792497
3994136939
3044847472
2893967267
3179724095
2659635965
5070167908
3970782666
3161387965
3987615137
1107623380
2931984830
2879013225
1942325603
2637886315
3061017071
3966453950
2793462141
3068753107
1776500634
3941701480
2357097374
2938355095
5041635123
2931942430
2133371785
2626725645
3904635345
2206803637
3868863876
3400605300
3968959919
2248940535
5213718738
2121635885
3975642745
2905668865
1820465832
3079149177
3991952300
3174077933
3070980841
1444845012
3971894190
2116353244
2730938697
2470991461
3974776543
2927904707
3986783838
3044073974
3846109895
3503035094
1975402365
3968954087
2900797481
2885476641
3127291801
3352796430
2931982072
3993483750
2720362905
3993352208
2901272551
3241785365
3981486150
1967172563
2093130831
5342083976
5028300646
3365702392
2730733101
2774688081
3980170989
2613769691
3499278933
5333462966
3167483272
2515013583
2790340177
2813391020
3170721010
1933299825
3966460930
3073773905
1975253197
5153734087
2575159855
1738378865
2644027643
3045383504
2749090301
2723290603
3248339702
5060680252
3090157581
3702684582
2889827294
3245523924
3545000950
5279260730
3083988741
3993379575
2467830184
2387415125
3965354166
3515483660
1726883541
3967581007
3193650533
2340534201
2791660143
2709037943
5070675146
5021507550
3126764950
3073866215
2872715143
3979088158
5081536837
2826497995
1834042841
1731812693
2890718673
2729118953
2102328422
1646378865
3151804433
1752554403
3115741373
2919390375
2489557960
1889612764
2466967390
3972295624
3990398257
2108985502
2149277831
3764125405
1720644800
2876984435
2364316743
2709909683
3994059159
3995962232
2910076744
2661703773
2877300191
3968121435
1799478924
3166309513
3965354745
3044129934
5128331780
3987991293
2801794022
3964967789
3314806395
1877588647
1776584754
3178518892
3968157154
3977390928
3502267193
2804116962
3575284590
2969520721
3485701010
2964856544
2880014371
2726585337
2626520287
5282155888
3828784989
2119594377
3548779474
3996291829
3603521191
2137235163
2990113347
2927955657
3128900457
2882989445
3205377682
3478433451
2900829031
1583450502
2899187283
3054936623
1930501683
2629730905
2919481652
3236284904
2716514125
2910924850
3975291746
2692932751
1792999981
2727294557
3931341711
3972011446
2906011993
3951447837
2164015585
5240165013
3178849755
3088356743
2986631141
3965000551
3161549205
3980778961
5124262012
2886036923
1861937134
1229810452
3110723425
3967273088
3933899790
5110064405
2405249983
2597646487
3627594094
3966751221
3307692427
2842595947
3977848997
5229216847
2889409377
5136841501
3456207670
5023057342
3512207435
3587253357
5106133935
1863518207
3121533981
2205152914
2844678805
2553170717
1980303803
2931998494
3946149089
2889663543
3970714280
3994676797
2837014231
2919710640
3031498307
3267154002
1573608130
2322558643
1865441267
5063825668
5186750916
2673914887
3965319437
3756277547
5124833353
5319753444
2468219111
3175719170
3993771629
3966592013
3642360327
3990326676
2006248921
3991441014
1778803063
2036844960
3085019635
3978083836
5082321041
2940688907
1830652133
3966480781
2920026412
3066758475
5000514965
2931940670
1818377120
5037930988
1897791752
2462390911
2931985684
1870510784
3396468092
2746015141
3070064905
3912384241
2243620275
3966999398
3977513674
1918741241
5128346562
2353323721
3110994800
1709516011
3408356100
2741517471
2986727171
1958370183
3305611323
3991275197
3837077846
2122005454
2826711525
3295466361
3994803056
3974076622
3822527177
3280307382
5217493164
3981945208
3906530203
5090020010
2271407631
3987152782
3994859657
2919565192
3058827171
2840668302
3060912473
3985865237
1922538491
3351334000
3991176191
5234184359
2878276002
2419428515
5074386053
5231625424
2685437165
3984782713
3972455730
1787059047
3076343433
5323809683
5203333812
3266338672
5037937403
2272536197
1818063390
3969339957
1778337493
3961021589
2878059317
1306836254
3971372860
3064087917
5045819823
1899599413
2920880143
5274944043
3702014795
5211194260
3983220236
2951665451
1837197727
2874275135
3987716176
2918055223
3156084035
1863516632
5076036254
5014263525
2012778914
2501693630
2931925292
5348595341
3632435895
2672481403
2175268371
1927008592
3986574637
2873752921
2794423280
2836400211
3153968813
2621556691
3969302240
3967507095
2884520353
2730059015
2665949901
2917809021
2844520943
2769872272
2828623925
2540476367
2513252092
2821939792
2383904567
2145026915
1777524764
3903455001
3958028911
3020228160
2691414317
3967624186
5181468506
3108590527
2784660530
2885087693
2845426782
1728116665
1927812997
2802960752
2918226607
3984050499
3960423297
5045501855
1783913507
2881017277
1849248613
3500062894
3801011136
5063088304
2176397732
5027962168
3967458665
3971144037
2401327612
3147858811
5037375590
3045336240
5224858997
3169119750
5060148029
3239836234
2610643113
3735126747
5019153702
3045270390
2890516767
2158849604
3158230014
3975241105
1891445461
3980909391
2804550940
3302979411
2785830252
3013940861
3482542815
3966797727
2910720182
2764022833
2707162163
5157030098
3865797363
2964800824
3498340543
2427877372
2741107305
3968279167
5108798732
2496650927
2377078274
2804341492
5199101400
3844152314
2889859733
3173097154
3449636994
2600789037
2980606791
3237550501
3982197660
5054232502
5118048804
2273344331
3750754823
5204489310
3992855318
3986013432
2558396813
2928699841
2746562327
1802031801
3123597342
5222751594
3140501937
3152027581
2102606882
3966336728
3966625066
2884302725
1744060165
1359553274
2618309667
1797708283
2837742925
5140881900
5076479972
3994437251
3030741893
3821012801
3179936642
3525506142
2716563961
3968993436
3968993434
3961542961
2833510693
3951783232
3966387603
3315814641
5128819086
2151819303
3913883142
2927939183
1566775132
3216903752
2928721135
5217689653
3575720445
3994083570
3977562769
3802365378
1848121505
2128862014
1855536930
1943079113
3966016534
2885759502
2671331944
2607799740
3044114992
5214342439
5240013964
5206171024
2142522404
5101276198
2773841933
5068013359
5150543633
3071059927
3989910956
2880371964
2549034500
3098339134
2919410610
3994388555
2884138937
2885531601
3178511030
2931983164
2380514593
2608064675
2884869537
2655870510
2644527172
2701473253
1361069317
3082363353
3929974977
1962068823
3311144557
3974304269
3124299835
2722742231
2218419242
2139658967
2830743263
5270401788
2822015415
3183256530
3966575532
2411261650
5172483438
3973806183
2908754604
5324340354
2033545600
3043944352
3815237554
2731963911
3076592031
2618434365
3478814215
2878879193
3762574372
5318634242
2810487565
2719581305
3048140097
3816227548
2747530830
3140742931
2891197375
5323945466
2876352423
3165209355
2964724292
5128117129
1763549654
3966562794
1913225387
1810685765
3609092400
1661425813
1157820627
2872285773
2884362504
5160359512
3102448237
3152467812
5023451908
3073487491
2113932662
3971992068
5039706945
3984050207
3149561705
2574269505
1750458153
3967419020
3979497435
2265889127
5017341438
3504580420
3074862901
2001827502
2384599725
3279256745
5055243920
2932012134
2246921460
2657187321
3982143311
5142328843
5169311139
3691973973
5202960766
2398694687
2881573445
2836315655
5037163996
3182041327
3928781038
1759273205
2832913195
5214343930
1113686180
1363058403
3968606062
3959203699
3294626395
2845402264
3136728143
2886101145
2873098271
2480397915
2932026532
2772806117
2898300451
5055822081
5083844268
2880501547
3719705290
3038191215
3706149620
5145107665
3108662565
2376506547
3214768120
3887278215
3075445903
2911949440
3966814671
2790117002
1711870021
3164267092
2900655081
3885885027
3991463949
2871868983
3964985935
1864931354
3082028817
3108387757
3995399798
2719972240
2595661103
2931982554
3971964716
3063498657
2927937073
1836621563
5069912387
5100622280
2348377941
2420639397
3986540941
2709959471
3994836940
5134088097
2887051727
3151905225
2232668305
3985946179
3115360411
3991632248
1826641870
3967497197
2071842053
1967429325
2804524232
3538274344
3972182460
2748259627
5045031498
3025322451
2703273521
2560090405
3228847817
1828220712
3263554141
3292391355
3073989173
3292566820
3220087424
1785456431
1914883751
2447409752
2951769855
1266171405
2247082492
2197399092
3800487916
3968431104
3150104203
3989076772
3157103014
5201271337
5258300226
1676863505
2451850325
3982176225
3967653333
3970941007
3966367838
2931520212
2892372832
2701146807
1810932033
3967099698
2714561313
3272507670
3139805005
5031884900
3227803380
2920227150
5239330085
3354005574
5071211229
2808932544
3994871741
2366718014
1669692900
2207549831
2471524492
2022188380
2648394612
1838172647
3132430063
2838948677
3077386047
2992149843
3973837232
3975662459
5018315444
5220407644
1978389951
3966946982
2843645615
1734466360
3996672460
3060907181
3641936527
2882372653
3044731122
2758497927
2876221054
3966887872
2314568503
2964784604
2810019941
3973373392
2596470431
2931961942
3063982443
2720785925
5157635614
3977452951
2920500892
3991017359
1767510361
2135809654
2005088934
3196668060
1784562443
3983444304
1800355672
3009639977
3579838264
1942313791
2939151377
3044594950
2838656135
5244612245
2919515250
2192094594
2881243657
3014499493
3844822209
3108303125
2060582612
5155639381
2900991355
5069123474
2736610420
1440669222
2247401665
2853950487
2371906722
3525848630
3035049613
3994213975
3971898325
5017890722
3966790799
3155512964
3646045010
5214269363
3044182240
3152605724
3989659541
3958441214
5097923797
1582990937
3994047132
5095613527
5085945195
3981156740
1848689891
3966465268
3603013215
2863923774
3829586025
3155236737
3074957511
3118153715
3763705165
1799900710
3164983161
3966552758
3186363412
3609055153
2557327495
5272607563
5128845168
2095612404
3225437287
1922088452
3221269743
2787913463
3971009120
3966322247
2918357077
2962584175
1665389744
1651139700
3238341962
2770412177
2890139777
3044861364
5227125515
2082783397
2656102710
2901063292
3865866509
3996308149
2366490583
1784531244
3197492300
2920489330
3986185784
2919937042
2431193881
3061748605
1985897400
2833634993
3043705194
5107270840
2126990494
3817157877
3066058751
2887100852
\xef\xbb\xbf1784473157
1649693245
1649693245
271616792
1785793613
1630065101
1719481457
2644950202
1719675453
1601422052
